100000
100148
100213
100196
100027
100093
100168
100176
100144
100019
100011
100179
100164
100107
100134
100028
100101
100170
100146
100131
100063
100013
100098
100153
100117
100229
100145
100047
100181
100003
100115
100156
100097
100034
100204
100017
100052
100092
100124
100241
100182
100118
100037
100029
100085
100088
100203
100061
100044
100215
100006
100235
100066
100073
100002
100030
100009
100081
100004
100049
100222
100057
100054
100025
100216
100228
100020
100219
100121
100086
100008
100160
100072
100227
100110
100226
100183
100159
100220
100062
100189
100199
100167
100015
100108
100236
100210
100111
100239
100218
100147
100078
100043
100237
100198
100038
100075
100040
100151
100150
100174
100112
100067
100155
100001
100166
100141
100173
100060
100083
100135
100224
100114
100238
100217
100106
100162
100187
100021
100055
100128
100163
100158
100039
100046
100053
100137
100051
100035
100207
100195
100140
100105
100012
100010
100113
100178
100032
100214
100059
100014
100185
100233
100090
100154
100122
100221
100169
100232
100087
100142
100143
100157
100211
100023
100161
100033
100138
100099
100240
100149
100095
100120
100036
100102
100089
100100
100212
100064
